17
59
73
77
93
125
205
238
240
566
342
466
587
769
778
1247
1492
1797
977
2313
2651
2547
3497
3590
3233
3526
4207
5322
5986
6557
5560
4790
5249
5210
6153
5959
5974
5217
4050
4053
4782
4668
4585
4805
4316
3599
3039
3836
4204
3951
4694
4092
3153
2972
2667
3786
3493
3491
3047
2256
2729
3370
2646
3021
2357
2324
1739
2091
2086
1872
1965
1900
1389
1221
1075
1444
1401
1327
1083
802
744
1402
888
992
789
875
675
451
813
665
642
652
669
531
300
397
584
593
516
416
333
200
318
321
177
518
270
197
280
283
202
379
163
346
338
301
210
328
331
251
264
224
218
113
577
296
255
175
174
126
142
182 
201
223
235
192
208
137
193
214
276
188
234
169
114
162
230
231
249
218
190
128
280
306
252
274
254
170
212
289
382
379
295
238
159
190
384
402
552
347
463
259
412
481
523
574
629
479
320
403
642
845
947
1071
1210
953
878
1367
1411
1462
1444
1365
996
978
1326
1397
1733
1695
1297
1108
1370
1434
1597
1616
1501
1458
1008
1229
1452
1585
1907
1638
1587
1350
1391
1640
1786
1912
1869
1766
1494
1648
1851
2548
2499
2844
2578
2257
2677
3678
4458
5372
5724
5456
4619
5901
7332
8804
10010
10925
11705
9337
10874
15199
16079
19143
19644
21273
17012
21994
24991
26831
31084
31758
29907
22253
28244
30550
34505
37809
39811
32616
25271
35098
32961
37978
40902
37255
33979
27354
32191
34282
36176
37242
34767
28337
22930
23232
25853
29003
28352
26323
20648
16377
19350
20709
23225
24099
21052
18887
13720
14842
12756
16999
18727
19903
17938
12030
14844
17572
18236
17992
16308
15104
10872
13318
14522
18040
19037
10407
8913
8585
11224
16202
23477
22211
11831
14245
10800
15378
20331
18020
17533
19978
18627
12532
14242
15774
17243
16146
16310
12544
8824
10497
13571
14078
13633
13331
11629
8561
10593
15204
14372
13574
12715
11252
7925
9660
13189
13659
14218
13442
11641
7970
10630
12956
15146
13908
13532
7351
10386
12074
13762
15479
14931
13452
9630
13314
16424
19886
20499
18916
17455
13114
17083
20884
22865
24036
23641
20765
13902
19749
22409
25673
26824
26062
21315
15267
20396
23059
24935
25735
23832
20159
13846
18765
21267
23696
23987
23839
19611
12916
16017
23904
23649
21932
21261
10680
7767
13708
17221
18938
17567
15746
9789
13447
16168
16974
15370
12694
8864
12074
13844
16232
14761
13157
8440
10404
13385
14320
13446
12965
9148
5948
9116
10585
10554
10176
8292
5080
6946
7848
8085
7567
6659
5753
3455
4452
5506
5741
5218
4714
2490
3224
3937
4147
3738
3348
2949
1820
2483
2897
1968
2556
2436
2275
1273
1896
2199
2079
1901
1723
1390
907
1255
1400
1325
1147
1193
881
495
834
951
927
753
838
782
389
679
776
882
929
808
480
907
1010
1394
1390
1400
1391
888
1534
2153
2455
2898
3121
3127
2072
3558
4259
5057
5143
5140
4743
3117
4522
5696
6171
6619
6513
5315
3190
4845
6596
7230
6599
6902
5735
4200
5636
6968
7270
7409
7188
5664
3674
5273
7162
7260
7224
7470
5923
4168
6076
7548
7221
7826
6860
5954
4257
5498
6503
6761
6735
6157
5315
3361
4720
5923
5522
5621
5193
4664
2800
4021
4830
5117
4552
4578
3838
2407
3377
3970
4061
3797
3525
3099
1772
2985
3212
3804
3405
3312
2968
1612
2466
3235
2938
3023
2748
2278
1516
2494
2772
2668
2732
2983
2437
1597
